  0        0 0.0
  1    10000 0.0
  2    20000 0.0
  3    30000 0.0
  4    40000 0.0
  5    50000 0.0
  6    60000 9.0
  7    70000 9.0
  8    80000 5.0
  9    90000 5.0
  0        0 0.0
  1    10000 0.0
  2    20000 0.0
  3    30000 0.0
  4    40000 0.0
  5    50000 0.0
  6    60000 0.0
  7    70000 3.0
  8    80000 9.0
  9    90000 0.0
  0        0 0.0
  0        0 0.0
  1   100000 0.0
  2   200000 9.0
  3   300000 0.0
  4   400000 9.0
  5   500000 10.0
  6   600000 13.0
  7   700000 16.0
  8   800000 15.0
  9   900000 15.0
  0        0 0.0
  0        0 0.0
  0        0 0.0
  0        0 0.0
  0        0 0.0
  1    10000 0.0
  2    20000 0.0
  3    30000 0.0
  4    40000 0.0
  5    50000 0.0
  6    60000 0.0
  7    70000 1.0
  8    80000 4.0
  9    90000 3.0
 10   100000 3.0
 11   110000 0.0
 12   120000 4.0
 13   130000 2.0
 14   140000 3.0
 15   150000 6.0
 16   160000 9.0
 17   170000 9.0
 18   180000 11.0
 19   190000 9.0
 20   200000 9.0
 21   210000 5.0
 22   220000 9.0
 23   230000 9.0
 24   240000 10.0
 25   250000 9.0
 26   260000 9.0
 27   270000 10.0
 28   280000 4.0
 29   290000 9.0
 30   300000 9.0
 31   310000 10.0
 32   320000 12.0
 33   330000 13.0
 34   340000 10.0
 35   350000 11.0
 36   360000 12.0
 37   370000 13.0
 38   380000 10.0
 39   390000 13.0
 40   400000 14.0
 41   410000 13.0
 42   420000 17.0
 43   430000 14.0
 44   440000 16.0
 45   450000 20.0
 46   460000 18.0
 47   470000 9.0
 48   480000 12.0
 49   490000 15.0
 50   500000 16.0
 51   510000 13.0
 52   520000 12.0
 53   530000 20.0
 54   540000 16.0
 55   550000 11.0
 56   560000 17.0
 57   570000 17.0
 58   580000 16.0
 59   590000 18.0
 60   600000 22.0
 61   610000 20.0
 62   620000 16.0
 63   630000 21.0
 64   640000 15.0
 65   650000 15.0
 66   660000 26.0
 67   670000 21.0
 68   680000 20.0
 69   690000 28.0
 70   700000 19.0
 71   710000 16.0
 72   720000 19.0
 73   730000 22.0
 74   740000 19.0
 75   750000 30.0
 76   760000 14.0
 77   770000 22.0
 78   780000 18.0
 79   790000 22.0
 80   800000 17.0
 81   810000 25.0
 82   820000 27.0
 83   830000 21.0
 84   840000 19.0
 85   850000 20.0
 86   860000 17.0
 87   870000 22.0
 88   880000 18.0
 89   890000 20.0
 90   900000 24.0
 91   910000 23.0
 92   920000 25.0
 93   930000 29.0
 94   940000 31.0
 95   950000 28.0
 96   960000 18.0
 97   970000 39.0
 98   980000 22.0
 99   990000 38.0
100  1000000 27.0
  0        0 0.0
  1    20000 0.0
  2    40000 0.0
  3    60000 0.0
  4    80000 1.0
  5   100000 9.0
  6   120000 10.0
  7   140000 9.0
  8   160000 9.0
  9   180000 9.0
 10   200000 9.0
 11   220000 9.0
 12   240000 10.0
 13   260000 15.0
 14   280000 12.0
 15   300000 14.0
 16   320000 11.0
 17   340000 15.0
 18   360000 9.0
 19   380000 20.0
 20   400000 18.0
 21   420000 12.0
 22   440000 19.0
 23   460000 24.0
 24   480000 18.0
 25   500000 19.0
 26   520000 12.0
 27   540000 19.0
 28   560000 19.0
 29   580000 15.0
 30   600000 15.0
 31   620000 34.0
 32   640000 27.0
 33   660000 18.0
 34   680000 19.0
 35   700000 25.0
 36   720000 25.0
 37   740000 17.0
 38   760000 21.0
 39   780000 38.0
 40   800000 33.0
 41   820000 21.0
 42   840000 23.0
 43   860000 37.0
 44   880000 34.0
 45   900000 38.0
 46   920000 38.0
 47   940000 28.0
 48   960000 28.0
 49   980000 35.0
 50  1000000 34.0
  0        0 0.0
  0        0 0.0
  1    20000 0.0
  2    40000 0.0
  3    60000 0.0
  4    80000 1.0
  5   100000 9.0
  6   120000 9.0
  7   140000 11.0
  8   160000 9.0
  9   180000 10.0
 10   200000 10.0
 11   220000 9.0
 12   240000 16.0
 13   260000 11.0
 14   280000 13.0
 15   300000 20.0
 16   320000 13.0
 17   340000 14.0
 18   360000 21.0
 19   380000 9.0
 20   400000 10.0
 21   420000 28.0
 22   440000 16.0
 23   460000 14.0
 24   480000 12.0
 25   500000 17.0
 26   520000 15.0
 27   540000 15.0
 28   560000 23.0
 29   580000 16.0
 30   600000 21.0
 31   620000 20.0
 32   640000 16.0
 33   660000 23.0
 34   680000 22.0
 35   700000 19.0
 36   720000 28.0
 37   740000 18.0
 38   760000 21.0
 39   780000 18.0
 40   800000 25.0
 41   820000 26.0
 42   840000 32.0
 43   860000 19.0
 44   880000 25.0
 45   900000 36.0
 46   920000 34.0
 47   940000 34.0
 48   960000 25.0
 49   980000 21.0
 50  1000000 30.0
 51  1020000 27.0
 52  1040000 39.0
 53  1060000 20.0
 54  1080000 26.0
 55  1100000 25.0
 56  1120000 28.0
 57  1140000 38.0
 58  1160000 23.0
 59  1180000 28.0
 60  1200000 20.0
 61  1220000 34.0
 62  1240000 53.0
 63  1260000 47.0
 64  1280000 41.0
 65  1300000 33.0
 66  1320000 26.0
 67  1340000 31.0
 68  1360000 56.0
 69  1380000 58.0
 70  1400000 24.0
 71  1420000 62.0
 72  1440000 42.0
 73  1460000 31.0
 74  1480000 26.0
 75  1500000 47.0
 76  1520000 30.0
 77  1540000 46.0
 78  1560000 45.0
 79  1580000 50.0
 80  1600000 25.0
 81  1620000 45.0
 82  1640000 38.0
 83  1660000 65.0
 84  1680000 36.0
 85  1700000 44.0
 86  1720000 56.0
 87  1740000 80.0
 88  1760000 62.0
 89  1780000 68.0
 90  1800000 39.0
 91  1820000 77.0
 92  1840000 77.0
 93  1860000 68.0
 94  1880000 54.0
 95  1900000 106.0
 96  1920000 79.0
 97  1940000 92.0
 98  1960000 59.0
 99  1980000 37.0
100  2000000 60.0
  0        0 0.0
  1    20000 0.0
  2    40000 0.0
  3    60000 0.0
  4    80000 9.0
  5   100000 11.0
  6   120000 9.0
  7   140000 9.0
  8   160000 11.0
  9   180000 13.0
 10   200000 11.0
 11   220000 9.0
 12   240000 13.0
 13   260000 12.0
 14   280000 10.0
 15   300000 14.0
 16   320000 12.0
 17   340000 13.0
 18   360000 14.0
 19   380000 17.0
 20   400000 18.0
 21   420000 14.0
 22   440000 20.0
 23   460000 19.0
 24   480000 14.0
 25   500000 17.0
 26   520000 19.0
 27   540000 18.0
 28   560000 26.0
 29   580000 20.0
 30   600000 18.0
 31   620000 18.0
 32   640000 20.0
 33   660000 26.0
 34   680000 25.0
 35   700000 16.0
 36   720000 34.0
 37   740000 22.0
 38   760000 28.0
 39   780000 29.0
 40   800000 19.0
 41   820000 29.0
 42   840000 33.0
 43   860000 25.0
 44   880000 40.0
 45   900000 22.0
 46   920000 33.0
 47   940000 41.0
 48   960000 62.0
 49   980000 36.0
 50  1000000 52.0
 51  1020000 47.0
 52  1040000 62.0
 53  1060000 26.0
 54  1080000 35.0
 55  1100000 41.0
 56  1120000 42.0
 57  1140000 40.0
 58  1160000 22.0
 59  1180000 67.0
 60  1200000 32.0
 61  1220000 52.0
 62  1240000 33.0
 63  1260000 51.0
 64  1280000 37.0
 65  1300000 56.0
 66  1320000 49.0
 67  1340000 50.0
 68  1360000 48.0
 69  1380000 68.0
 70  1400000 46.0
 71  1420000 72.0
 72  1440000 56.0
 73  1460000 59.0
 74  1480000 65.0
 75  1500000 39.0
 76  1520000 59.0
 77  1540000 65.0
 78  1560000 44.0
 79  1580000 49.0
 80  1600000 42.0
 81  1620000 82.0
 82  1640000 79.0
 83  1660000 68.0
 84  1680000 60.0
 85  1700000 50.0
 86  1720000 97.0
 87  1740000 75.0
 88  1760000 51.0
 89  1780000 54.0
 90  1800000 52.0
 91  1820000 71.0
 92  1840000 92.0
 93  1860000 104.0
 94  1880000 53.0
 95  1900000 32.0
 96  1920000 42.0
 97  1940000 89.0
 98  1960000 91.0
 99  1980000 89.0
100  2000000 76.0
