0.0
0.0
0.0
0.0
0.0
1.0
9.0
9.0
11.0
9.0
10.0
10.0
9.0
16.0
11.0
13.0
20.0
13.0
14.0
21.0
9.0
10.0
28.0
16.0
14.0
12.0
17.0
15.0
15.0
23.0
16.0
21.0
20.0
16.0
23.0
22.0
19.0
28.0
18.0
21.0
18.0
25.0
26.0
32.0
19.0
25.0
36.0
34.0
34.0
25.0
21.0
30.0
27.0
39.0
20.0
26.0
25.0
28.0
38.0
23.0
28.0
20.0
34.0
53.0
47.0
41.0
33.0
26.0
31.0
56.0
58.0
24.0
62.0
42.0
31.0
26.0
47.0
30.0
46.0
45.0
50.0
25.0
45.0
38.0
65.0
36.0
44.0
56.0
80.0
62.0
68.0
39.0
77.0
77.0
68.0
54.0
106.0
79.0
92.0
59.0
37.0
60.0
